2603270001963
2603270001952
2603270001974
2603270001034
2603270001046
2603270000959
2603270000243
2603270000775
2603260003362
2603260003259
2603260003266
2603260003310
2603260002170
2603260002212
2603260002009
2603260002042
2603200003240
2603210000132
2603210000193
2603230004150
2603230005225
2603090002893
2603110004411
2603040002477
2602090003603
2602220000127
2602250000084
2602270000377
2603040000304
2603040002521
2603250001682
2603250002085
2603250003239
2603200003295
2603100000293
2603130001423
2602230001545
2601300002923
2603170000967
2603190000107
2603130001468
2603260000812
2603150000089
2603240003729
2602020002588
2603260000874
2603180001063
2603200000770
2603200001010
2603190001868
2602030004377
2602120000688
2603230001017
2603180000902
2603180000921
2603180000938
2603180001999
2603180000941
2603040002374
2603180000414
2602260001904
2603180000846
2603250001992
2603180002956
2603170002355
2603180000917
2603200000766
2603170000236
2603230000136
2603250000877
2603180000947
2603200000854
2603200001946
2603200000765
2603160002608
2603190002018